1.0000 3.0000 1.9950 2.0050 0.0000 0.0000
1.9950 3.0000 2.4925 2.5025 0.2426 0.2525
1.9950 2.5025 2.2438 2.2538 0.0594 0.0644
1.9950 2.2538 2.1194 2.1294 0.0143 0.0167
1.9950 2.1294 2.0572 2.0672 0.0033 0.0045
1.9950 2.0672 2.0261 2.0361 0.0007 0.0013
1.9950 2.0361 2.0105 2.0205 0.0001 0.0004
1.9950 2.0205 2.0028 2.0128 0.0000 0.0002
	2.0039

1.0000 3.0000 1.9950 2.0050 1.0050 0.9950
1.9950 3.0000 2.4925 2.5025 0.5075 0.4975
2.4925 3.0000 2.7412 2.7512 0.2588 0.2488
2.7412 3.0000 2.8656 2.8756 0.1344 0.1244
2.8656 3.0000 2.9278 2.9378 0.0722 0.0622
2.9278 3.0000 2.9589 2.9689 0.0411 0.0311
2.9589 3.0000 2.9745 2.9845 0.0255 0.0155
2.9745 3.0000 2.9822 2.9922 0.0178 0.0078
	2.9911

1.0000 3.0000 1.9950 2.0050 -1.9950 2.0050
1.0000 2.0050 1.4975 1.5075 -1.4975 -1.5075
1.4975 2.0050 1.7463 1.7562 -1.7463 -1.7562
1.7463 2.0050 1.8706 1.8806 -1.8706 -1.8806
1.8706 2.0050 1.9328 1.9428 -1.9328 -1.9428
1.9328 2.0050 1.9639 1.9739 -1.9639 -1.9739
1.9639 2.0050 1.9795 1.9895 -1.9795 -1.9895
1.9795 2.0050 1.9872 1.9972 -1.9872 -1.9972
	1.9961

1.0000 3.0000 1.9950 2.0050 -1.9950 -2.0050
1.9950 3.0000 2.4925 2.5025 -2.4925 -2.5025
2.4925 3.0000 2.7412 2.7512 -2.7412 -2.7512
2.7412 3.0000 2.8656 2.8756 -2.8656 -2.8756
2.8656 3.0000 2.9278 2.9378 -2.9278 -2.9378
2.9278 3.0000 2.9589 2.9689 -2.9589 -2.9689
2.9589 3.0000 2.9745 2.9845 -2.9745 -2.9845
2.9745 3.0000 2.9822 2.9922 -2.9822 -2.9922
	2.9911

1.0000 3.0000 1.9950 2.0050 1.0000 1.0000
1.9950 3.0000 2.4925 2.5025 0.7574 0.7475
2.4925 3.0000 2.7412 2.7512 0.4505 0.4356
2.7412 3.0000 2.8656 2.8756 0.2507 0.2333
2.8656 3.0000 2.9278 2.9378 0.1392 0.1205
2.9278 3.0000 2.9589 2.9689 0.0805 0.0612
2.9589 3.0000 2.9745 2.9845 0.0504 0.0309
2.9745 3.0000 2.9822 2.9922 0.0352 0.0155
	2.9911


0. -2.0000 -1.5000 -1.0000
1. -1.0000 -0.4250 0.1500
2. 0.1500 0.8112 1.4725
3. 1.4725 2.2329 2.9934

0. -2.0000 -1.5000 -1.0000
1. -1.0000 -0.4250 0.1500
2. 0.1500 0.8112 1.4725
3. 1.4725 2.2329 2.9934
4. 2.9934 3.8679 4.7424
5. 4.7424 5.7481 6.7537
6. 6.7537 7.9103 9.0668
7. 9.0668 10.3968 11.7268
8. 11.7268 13.2563 14.7858
9. 14.7858 16.5448 18.3037
10. 18.3037 20.3265 22.3493
11. 22.3493 24.6755 27.0017
12. 27.0017 29.6768 32.3519
13. 32.3519 35.4283 38.5047
14. 38.5047 42.0426 45.5804
15. 45.5804 49.6489 53.7175
16. 53.7175 58.3963 63.0751
17. 63.0751 68.4557 73.8364
18. 73.8364 80.0241 86.2118
19. 86.2118 93.3277 100.4436
20. 100.4436 108.6269 116.8101
21. 116.8101 126.2209 135.6316
22. 135.6316 146.4540 157.2764
23. 157.2764 169.7221 182.1678
24. 182.1678 196.4804 210.7930
25. 210.7930 227.2525 243.7120
26. 243.7120 262.6404 281.5688
27. 281.5688 303.3364 325.1041
28. 325.1041 350.1369 375.1697
29. 375.1697 403.9574 432.7451
30. 432.7451 465.8510 498.9569
31. 498.9569 537.0287 575.1005
32. 575.1005 618.8830 662.6655
33. 662.6655 713.0154 763.3654
34. 763.3654 821.2678 879.1702
35. 879.1702 945.7579 1012.3457
36. 1012.3457 1088.9216 1165.4975
37. 1165.4975 1253.5598 1341.6222
38. 1341.6222 1442.8938 1544.1655
39. 1544.1655 1660.6279 1777.0903
40. 1777.0903 1911.0221 2044.9539
41. 2044.9539 2198.9754 2352.9969
42. 2352.9969 2530.1217 2707.2465
43. 2707.2465 2910.9400 3114.6334
44. 3114.6334 3348.8810 3583.1285
45. 3583.1285 3852.5131 4121.8977
46. 4121.8977 4431.6901 4741.4824
47. 4741.4824 5097.7436 5454.0047
48. 5454.0047 5863.7051 6273.4055
49. 6273.4055 6744.5609 7215.7163
50. 7215.7163 7757.5450 8299.3737
51. 8299.3737 8922.4767 9545.5798
52. 9545.5798 10262.1483 10978.7167
53. 10978.7167 11802.7705 12626.8243
54. 12626.8243 13574.4861 14522.1479
55. 14522.1479 15611.9590 16701.7701
56. 16701.7701 17955.0528 19208.3356
57. 19208.3356 20649.6108 22090.8859
58. 22090.8859 23748.3524 25405.8188
59. 25405.8188 27311.9052 29217.9916
60. 29217.9916 31409.9910 33601.9904
61. 33601.9904 36122.7897 38643.5889
62. 38643.5889 41542.5081 44441.4273
63. 44441.4273 47775.1843 51108.9414
64. 51108.9414 54942.7620 58776.5826
65. 58776.5826 63185.4763 67594.3700
66. 67594.3700 72664.5977 77734.8255
67. 77734.8255 83565.5874 89396.3493
68. 89396.3493 96101.7255 102807.1017
69. 102807.1017 110518.2843 118229.4669
70. 118229.4669 127097.3269 135965.1870
71. 135965.1870 146163.2260 156361.2650
72. 156361.2650 168089.0099 179816.7548
73. 179816.7548 193303.6614 206790.5680
74. 206790.5680 222300.5106 237810.4532
75. 237810.4532 255646.8872 273483.3211
76. 273483.3211 293995.2202 314507.1193
77. 314507.1193 338095.8033 361684.4872
78. 361684.4872 388811.4738 415938.4603
79. 415938.4603 447134.4948 478330.5293
80. 478330.5293 514205.9690 550081.4087
81. 550081.4087 591338.1644 632594.9201
82. 632594.9201 680040.1891 727485.4581
83. 727485.4581 782047.5174 836609.5768
84. 836609.5768 899355.9450 962102.3133
85. 962102.3133 1034260.6368 1106418.9603
86. 1106418.9603 1189401.0323 1272383.1043
87. 1272383.1043 1367812.4872 1463241.8700
88. 1463241.8700 1572985.6602 1682729.4505
89. 1682729.4505 1808934.8093 1935140.1680
90. 1935140.1680 2080276.3306 2225412.4932
91. 2225412.4932 2392319.0802 2559225.6672
92. 2559225.6672 2751168.2423 2943110.8173
93. 2943110.8173 3163844.7786 3384578.7399
94. 3384578.7399 3638422.7954 3892266.8509
95. 3892266.8509 4184187.5147 4476108.1785
96. 4476108.1785 4811816.9419 5147525.7053
97. 5147525.7053 5533590.7832 5919655.8611
98. 5919655.8611 6363630.7007 6807605.5403
99. 6807605.5403 7318176.6058 7828747.6713
0. 1.0000 0.9800 0.9600
1. 0.9600 0.9370 0.9140
2. 0.9140 0.8875 0.8611
3. 0.8611 0.8307 0.8003
4. 0.8003 0.7653 0.7303
5. 0.7303 0.6901 0.6499
6. 0.6499 0.6036 0.5573
7. 0.5573 0.5041 0.4509
8. 0.4509 0.3897 0.3286
9. 0.3286 0.2582 0.1879
10. 0.1879 0.1069 0.0260
11. 0.0260 -0.0670 -0.1601
12. -0.1601 -0.2671 -0.3741
13. -0.3741 -0.4971 -0.6202
14. -0.6202 -0.7617 -0.9032
15. -0.9032 -1.0660 -1.2287
16. -1.2287 -1.4159 -1.6030
17. -1.6030 -1.8182 -2.0335
18. -2.0335 -2.2810 -2.5285
19. -2.5285 -2.8131 -3.0977
20. -3.0977 -3.4251 -3.7524
21. -3.7524 -4.1288 -4.5053
22. -4.5053 -4.9382 -5.3711
23. -5.3711 -5.8689 -6.3667
24. -6.3667 -6.9392 -7.5117
25. -7.5117 -8.1701 -8.8285
26. -8.8285 -9.5856 -10.3428
27. -10.3428 -11.2135 -12.0842
28. -12.0842 -13.0855 -14.0868
29. -14.0868 -15.2383 -16.3898
30. -16.3898 -17.7140 -19.0383
31. -19.0383 -20.5611 -22.0840
32. -22.0840 -23.8353 -25.5866
33. -25.5866 -27.6006 -29.6146
34. -29.6146 -31.9307 -34.2468
35. -34.2468 -36.9103 -39.5738
36. -39.5738 -42.6369 -45.6999
37. -45.6999 -49.2224 -52.7449
38. -52.7449 -56.7958 -60.8466
39. -60.8466 -65.5051 -70.1636
40. -70.1636 -75.5209 -80.8782
41. -80.8782 -87.0390 -93.1999
42. -93.1999 -100.2849 -107.3699
43. -107.3699 -115.5176 -123.6653
44. -123.6653 -133.0352 -142.4051
45. -142.4051 -153.1805 -163.9559
46. -163.9559 -176.3476 -188.7393
47. -188.7393 -202.9897 -217.2402
48. -217.2402 -233.6282 -250.0162
49. -250.0162 -268.8624 -287.7087
50. -287.7087 -309.3818 -331.0549
51. -331.0549 -355.9791 -380.9032
52. -380.9032 -409.5659 -438.2287
53. -438.2287 -471.1908 -504.1530
54. -504.1530 -542.0594 -579.9659
55. -579.9659 -623.5584 -667.1508
56. -667.1508 -717.2821 -767.4134
57. -767.4134 -825.0644 -882.7154
58. -882.7154 -949.0141 -1015.3128
59. -1015.3128 -1091.5562 -1167.7997
60. -1167.7997 -1255.4796 -1343.1596
61. -1343.1596 -1443.9916 -1544.8236
62. -1544.8236 -1660.7803 -1776.7371
63. -1776.7371 -1910.0874 -2043.4377
64. -2043.4377 -2196.7905 -2350.1433
65. -2350.1433 -2526.4991 -2702.8548
66. -2702.8548 -2905.6639 -3108.4730
67. -3108.4730 -3341.7035 -3574.9340
68. -3574.9340 -3843.1490 -4111.3641
69. -4111.3641 -4419.8114 -4728.2587
70. -4728.2587 -5082.9731 -5437.6875
71. -5437.6875 -5845.6090 -6253.5306
72. -6253.5306 -6722.6404 -7191.7502
73. -7191.7502 -7731.2265 -8270.7027
74. -8270.7027 -8891.1004 -9511.4981
75. -9511.4981 -10224.9555 -10938.4128
76. -10938.4128 -11758.8888 -12579.3648
77. -12579.3648 -13522.9121 -14466.4595
78. -14466.4595 -15551.5390 -16636.6184
79. -16636.6184 -17884.4598 -19132.3012
80. -19132.3012 -20567.3188 -22002.3363
81. -22002.3363 -23652.6066 -25302.8768
82. -25302.8768 -27200.6876 -29098.4983
83. -29098.4983 -31280.9807 -33463.4631
84. -33463.4631 -35973.3178 -38483.1725
85. -38483.1725 -41369.5055 -44255.8384
86. -44255.8384 -47575.1213 -50894.4042
87. -50894.4042 -54711.5795 -58528.7548
88. -58528.7548 -62918.5064 -67308.2580
89. -67308.2580 -72356.4724 -77404.6867
90. -77404.6867 -83210.1332 -89015.5797
91. -89015.5797 -95691.8432 -102368.1067
92. -102368.1067 -110045.8097 -117723.5127
93. -117723.5127 -126552.8711 -135382.2296
94. -135382.2296 -145535.9918 -155689.7540
95. -155689.7540 -167366.5806 -179043.4071
96. -179043.4071 -192471.7577 -205900.1082
97. -205900.1082 -221342.7113 -236785.3144
98. -236785.3144 -254544.3080 -272303.3016
99. -272303.3016 -292726.1442 -313148.9869

0. -2.0000 -1.5000 -1.0000
1. -1.0000 -0.4250 0.1500
2. 0.1500 0.8112 1.4725
3. 1.4725 2.2329 2.9934
4. 2.9934 3.8679 4.7424
5. 4.7424 5.7481 6.7537
6. 6.7537 7.9103 9.0668
7. 9.0668 10.3968 11.7268
8. 11.7268 13.2563 14.7858
9. 14.7858 16.5448 18.3037
10. 18.3037 20.3265 22.3493
11. 22.3493 24.6755 27.0017
12. 27.0017 29.6768 32.3519
13. 32.3519 35.4283 38.5047
14. 38.5047 42.0426 45.5804
15. 45.5804 49.6489 53.7175
16. 53.7175 58.3963 63.0751
17. 63.0751 68.4557 73.8364
18. 73.8364 80.0241 86.2118
19. 86.2118 93.3277 100.4436
20. 100.4436 108.6269 116.8101
21. 116.8101 126.2209 135.6316
22. 135.6316 146.4540 157.2764
23. 157.2764 169.7221 182.1678
24. 182.1678 196.4804 210.7930
25. 210.7930 227.2525 243.7120
26. 243.7120 262.6404 281.5688
27. 281.5688 303.3364 325.1041
28. 325.1041 350.1369 375.1697
29. 375.1697 403.9574 432.7451
30. 432.7451 465.8510 498.9569
31. 498.9569 537.0287 575.1005
32. 575.1005 618.8830 662.6655
33. 662.6655 713.0154 763.3654
34. 763.3654 821.2678 879.1702
35. 879.1702 945.7579 1012.3457
36. 1012.3457 1088.9216 1165.4975
37. 1165.4975 1253.5598 1341.6222
38. 1341.6222 1442.8938 1544.1655
39. 1544.1655 1660.6279 1777.0903
40. 1777.0903 1911.0221 2044.9539
41. 2044.9539 2198.9754 2352.9969
42. 2352.9969 2530.1217 2707.2465
43. 2707.2465 2910.9400 3114.6334
44. 3114.6334 3348.8810 3583.1285
45. 3583.1285 3852.5131 4121.8977
46. 4121.8977 4431.6901 4741.4824
47. 4741.4824 5097.7436 5454.0047
48. 5454.0047 5863.7051 6273.4055
49. 6273.4055 6744.5609 7215.7163
50. 7215.7163 7757.5450 8299.3737
51. 8299.3737 8922.4767 9545.5798
52. 9545.5798 10262.1483 10978.7167
53. 10978.7167 11802.7705 12626.8243
54. 12626.8243 13574.4861 14522.1479
55. 14522.1479 15611.9590 16701.7701
56. 16701.7701 17955.0528 19208.3356
57. 19208.3356 20649.6108 22090.8859
58. 22090.8859 23748.3524 25405.8188
59. 25405.8188 27311.9052 29217.9916
60. 29217.9916 31409.9910 33601.9904
61. 33601.9904 36122.7897 38643.5889
62. 38643.5889 41542.5081 44441.4273
63. 44441.4273 47775.1843 51108.9414
64. 51108.9414 54942.7620 58776.5826
65. 58776.5826 63185.4763 67594.3700
66. 67594.3700 72664.5977 77734.8255
67. 77734.8255 83565.5874 89396.3493
68. 89396.3493 96101.7255 102807.1017
69. 102807.1017 110518.2843 118229.4669
70. 118229.4669 127097.3269 135965.1870
71. 135965.1870 146163.2260 156361.2650
72. 156361.2650 168089.0099 179816.7548
73. 179816.7548 193303.6614 206790.5680
74. 206790.5680 222300.5106 237810.4532
75. 237810.4532 255646.8872 273483.3211
76. 273483.3211 293995.2202 314507.1193
77. 314507.1193 338095.8033 361684.4872
78. 361684.4872 388811.4738 415938.4603
79. 415938.4603 447134.4948 478330.5293
80. 478330.5293 514205.9690 550081.4087
81. 550081.4087 591338.1644 632594.9201
82. 632594.9201 680040.1891 727485.4581
83. 727485.4581 782047.5174 836609.5768
84. 836609.5768 899355.9450 962102.3133
85. 962102.3133 1034260.6368 1106418.9603
86. 1106418.9603 1189401.0323 1272383.1043
87. 1272383.1043 1367812.4872 1463241.8700
88. 1463241.8700 1572985.6602 1682729.4505
89. 1682729.4505 1808934.8093 1935140.1680
90. 1935140.1680 2080276.3306 2225412.4932
91. 2225412.4932 2392319.0802 2559225.6672
92. 2559225.6672 2751168.2423 2943110.8173
93. 2943110.8173 3163844.7786 3384578.7399
94. 3384578.7399 3638422.7954 3892266.8509
95. 3892266.8509 4184187.5147 4476108.1785
96. 4476108.1785 4811816.9419 5147525.7053
97. 5147525.7053 5533590.7832 5919655.8611
98. 5919655.8611 6363630.7007 6807605.5403
99. 6807605.5403 7318176.6058 7828747.6713
0. 1.0000 0.9800 0.9600
1. 0.9600 0.9370 0.9140
2. 0.9140 0.8875 0.8611
3. 0.8611 0.8307 0.8003
4. 0.8003 0.7653 0.7303
5. 0.7303 0.6901 0.6499
6. 0.6499 0.6036 0.5573
7. 0.5573 0.5041 0.4509
8. 0.4509 0.3897 0.3286
9. 0.3286 0.2582 0.1879
10. 0.1879 0.1069 0.0260
11. 0.0260 -0.0670 -0.1601
12. -0.1601 -0.2671 -0.3741
13. -0.3741 -0.4971 -0.6202
14. -0.6202 -0.7617 -0.9032
15. -0.9032 -1.0660 -1.2287
16. -1.2287 -1.4159 -1.6030
17. -1.6030 -1.8182 -2.0335
18. -2.0335 -2.2810 -2.5285
19. -2.5285 -2.8131 -3.0977
20. -3.0977 -3.4251 -3.7524
21. -3.7524 -4.1288 -4.5053
22. -4.5053 -4.9382 -5.3711
23. -5.3711 -5.8689 -6.3667
24. -6.3667 -6.9392 -7.5117
25. -7.5117 -8.1701 -8.8285
26. -8.8285 -9.5856 -10.3428
27. -10.3428 -11.2135 -12.0842
28. -12.0842 -13.0855 -14.0868
29. -14.0868 -15.2383 -16.3898
30. -16.3898 -17.7140 -19.0383
31. -19.0383 -20.5611 -22.0840
32. -22.0840 -23.8353 -25.5866
33. -25.5866 -27.6006 -29.6146
34. -29.6146 -31.9307 -34.2468
35. -34.2468 -36.9103 -39.5738
36. -39.5738 -42.6369 -45.6999
37. -45.6999 -49.2224 -52.7449
38. -52.7449 -56.7958 -60.8466
39. -60.8466 -65.5051 -70.1636
40. -70.1636 -75.5209 -80.8782
41. -80.8782 -87.0390 -93.1999
42. -93.1999 -100.2849 -107.3699
43. -107.3699 -115.5176 -123.6653
44. -123.6653 -133.0352 -142.4051
45. -142.4051 -153.1805 -163.9559
46. -163.9559 -176.3476 -188.7393
47. -188.7393 -202.9897 -217.2402
48. -217.2402 -233.6282 -250.0162
49. -250.0162 -268.8624 -287.7087
50. -287.7087 -309.3818 -331.0549
51. -331.0549 -355.9791 -380.9032
52. -380.9032 -409.5659 -438.2287
53. -438.2287 -471.1908 -504.1530
54. -504.1530 -542.0594 -579.9659
55. -579.9659 -623.5584 -667.1508
56. -667.1508 -717.2821 -767.4134
57. -767.4134 -825.0644 -882.7154
58. -882.7154 -949.0141 -1015.3128
59. -1015.3128 -1091.5562 -1167.7997
60. -1167.7997 -1255.4796 -1343.1596
61. -1343.1596 -1443.9916 -1544.8236
62. -1544.8236 -1660.7803 -1776.7371
63. -1776.7371 -1910.0874 -2043.4377
64. -2043.4377 -2196.7905 -2350.1433
65. -2350.1433 -2526.4991 -2702.8548
66. -2702.8548 -2905.6639 -3108.4730
67. -3108.4730 -3341.7035 -3574.9340
68. -3574.9340 -3843.1490 -4111.3641
69. -4111.3641 -4419.8114 -4728.2587
70. -4728.2587 -5082.9731 -5437.6875
71. -5437.6875 -5845.6090 -6253.5306
72. -6253.5306 -6722.6404 -7191.7502
73. -7191.7502 -7731.2265 -8270.7027
74. -8270.7027 -8891.1004 -9511.4981
75. -9511.4981 -10224.9555 -10938.4128
76. -10938.4128 -11758.8888 -12579.3648
77. -12579.3648 -13522.9121 -14466.4595
78. -14466.4595 -15551.5390 -16636.6184
79. -16636.6184 -17884.4598 -19132.3012
80. -19132.3012 -20567.3188 -22002.3363
81. -22002.3363 -23652.6066 -25302.8768
82. -25302.8768 -27200.6876 -29098.4983
83. -29098.4983 -31280.9807 -33463.4631
84. -33463.4631 -35973.3178 -38483.1725
85. -38483.1725 -41369.5055 -44255.8384
86. -44255.8384 -47575.1213 -50894.4042
87. -50894.4042 -54711.5795 -58528.7548
88. -58528.7548 -62918.5064 -67308.2580
89. -67308.2580 -72356.4724 -77404.6867
90. -77404.6867 -83210.1332 -89015.5797
91. -89015.5797 -95691.8432 -102368.1067
92. -102368.1067 -110045.8097 -117723.5127
93. -117723.5127 -126552.8711 -135382.2296
94. -135382.2296 -145535.9918 -155689.7540
95. -155689.7540 -167366.5806 -179043.4071
96. -179043.4071 -192471.7577 -205900.1082
97. -205900.1082 -221342.7113 -236785.3144
98. -236785.3144 -254544.3080 -272303.3016
99. -272303.3016 -292726.1442 -313148.9869

0. -2.0000 -1.5000 -1.0000
1. -1.0000 -0.4250 0.1500
2. 0.1500 0.8112 1.4725
3. 1.4725 2.2329 2.9934
4. 2.9934 3.8679 4.7424
5. 4.7424 5.7481 6.7537
6. 6.7537 7.9103 9.0668
7. 9.0668 10.3968 11.7268
8. 11.7268 13.2563 14.7858
9. 14.7858 16.5448 18.3037
10. 18.3037 20.3265 22.3493
11. 22.3493 24.6755 27.0017
12. 27.0017 29.6768 32.3519
13. 32.3519 35.4283 38.5047
14. 38.5047 42.0426 45.5804
15. 45.5804 49.6489 53.7175
16. 53.7175 58.3963 63.0751
17. 63.0751 68.4557 73.8364
18. 73.8364 80.0241 86.2118
19. 86.2118 93.3277 100.4436
20. 100.4436 108.6269 116.8101
21. 116.8101 126.2209 135.6316
22. 135.6316 146.4540 157.2764
23. 157.2764 169.7221 182.1678
24. 182.1678 196.4804 210.7930
25. 210.7930 227.2525 243.7120
26. 243.7120 262.6404 281.5688
27. 281.5688 303.3364 325.1041
28. 325.1041 350.1369 375.1697
29. 375.1697 403.9574 432.7451
30. 432.7451 465.8510 498.9569
31. 498.9569 537.0287 575.1005
32. 575.1005 618.8830 662.6655
33. 662.6655 713.0154 763.3654
34. 763.3654 821.2678 879.1702
35. 879.1702 945.7579 1012.3457
36. 1012.3457 1088.9216 1165.4975
37. 1165.4975 1253.5598 1341.6222
38. 1341.6222 1442.8938 1544.1655
39. 1544.1655 1660.6279 1777.0903
40. 1777.0903 1911.0221 2044.9539
41. 2044.9539 2198.9754 2352.9969
42. 2352.9969 2530.1217 2707.2465
43. 2707.2465 2910.9400 3114.6334
44. 3114.6334 3348.8810 3583.1285
45. 3583.1285 3852.5131 4121.8977
46. 4121.8977 4431.6901 4741.4824
47. 4741.4824 5097.7436 5454.0047
48. 5454.0047 5863.7051 6273.4055
49. 6273.4055 6744.5609 7215.7163
50. 7215.7163 7757.5450 8299.3737
51. 8299.3737 8922.4767 9545.5798
52. 9545.5798 10262.1483 10978.7167
53. 10978.7167 11802.7705 12626.8243
54. 12626.8243 13574.4861 14522.1479
55. 14522.1479 15611.9590 16701.7701
56. 16701.7701 17955.0528 19208.3356
57. 19208.3356 20649.6108 22090.8859
58. 22090.8859 23748.3524 25405.8188
59. 25405.8188 27311.9052 29217.9916
60. 29217.9916 31409.9910 33601.9904
61. 33601.9904 36122.7897 38643.5889
62. 38643.5889 41542.5081 44441.4273
63. 44441.4273 47775.1843 51108.9414
64. 51108.9414 54942.7620 58776.5826
65. 58776.5826 63185.4763 67594.3700
66. 67594.3700 72664.5977 77734.8255
67. 77734.8255 83565.5874 89396.3493
68. 89396.3493 96101.7255 102807.1017
69. 102807.1017 110518.2843 118229.4669
70. 118229.4669 127097.3269 135965.1870
71. 135965.1870 146163.2260 156361.2650
72. 156361.2650 168089.0099 179816.7548
73. 179816.7548 193303.6614 206790.5680
74. 206790.5680 222300.5106 237810.4532
75. 237810.4532 255646.8872 273483.3211
76. 273483.3211 293995.2202 314507.1193
77. 314507.1193 338095.8033 361684.4872
78. 361684.4872 388811.4738 415938.4603
79. 415938.4603 447134.4948 478330.5293
80. 478330.5293 514205.9690 550081.4087
81. 550081.4087 591338.1644 632594.9201
82. 632594.9201 680040.1891 727485.4581
83. 727485.4581 782047.5174 836609.5768
84. 836609.5768 899355.9450 962102.3133
85. 962102.3133 1034260.6368 1106418.9603
86. 1106418.9603 1189401.0323 1272383.1043
87. 1272383.1043 1367812.4872 1463241.8700
88. 1463241.8700 1572985.6602 1682729.4505
89. 1682729.4505 1808934.8093 1935140.1680
90. 1935140.1680 2080276.3306 2225412.4932
91. 2225412.4932 2392319.0802 2559225.6672
92. 2559225.6672 2751168.2423 2943110.8173
93. 2943110.8173 3163844.7786 3384578.7399
94. 3384578.7399 3638422.7954 3892266.8509
95. 3892266.8509 4184187.5147 4476108.1785
96. 4476108.1785 4811816.9419 5147525.7053
97. 5147525.7053 5533590.7832 5919655.8611
98. 5919655.8611 6363630.7007 6807605.5403
99. 6807605.5403 7318176.6058 7828747.6713
0. 1.0000 0.9800 0.9600
1. 0.9600 0.9370 0.9140
2. 0.9140 0.8875 0.8611
3. 0.8611 0.8307 0.8003
4. 0.8003 0.7653 0.7303
5. 0.7303 0.6901 0.6499
6. 0.6499 0.6036 0.5573
7. 0.5573 0.5041 0.4509
8. 0.4509 0.3897 0.3286
9. 0.3286 0.2582 0.1879
10. 0.1879 0.1069 0.0260
11. 0.0260 -0.0670 -0.1601
12. -0.1601 -0.2671 -0.3741
13. -0.3741 -0.4971 -0.6202
14. -0.6202 -0.7617 -0.9032
15. -0.9032 -1.0660 -1.2287
16. -1.2287 -1.4159 -1.6030
17. -1.6030 -1.8182 -2.0335
18. -2.0335 -2.2810 -2.5285
19. -2.5285 -2.8131 -3.0977
20. -3.0977 -3.4251 -3.7524
21. -3.7524 -4.1288 -4.5053
22. -4.5053 -4.9382 -5.3711
23. -5.3711 -5.8689 -6.3667
24. -6.3667 -6.9392 -7.5117
25. -7.5117 -8.1701 -8.8285
26. -8.8285 -9.5856 -10.3428
27. -10.3428 -11.2135 -12.0842
28. -12.0842 -13.0855 -14.0868
29. -14.0868 -15.2383 -16.3898
30. -16.3898 -17.7140 -19.0383
31. -19.0383 -20.5611 -22.0840
32. -22.0840 -23.8353 -25.5866
33. -25.5866 -27.6006 -29.6146
34. -29.6146 -31.9307 -34.2468
35. -34.2468 -36.9103 -39.5738
36. -39.5738 -42.6369 -45.6999
37. -45.6999 -49.2224 -52.7449
38. -52.7449 -56.7958 -60.8466
39. -60.8466 -65.5051 -70.1636
40. -70.1636 -75.5209 -80.8782
41. -80.8782 -87.0390 -93.1999
42. -93.1999 -100.2849 -107.3699
43. -107.3699 -115.5176 -123.6653
44. -123.6653 -133.0352 -142.4051
45. -142.4051 -153.1805 -163.9559
46. -163.9559 -176.3476 -188.7393
47. -188.7393 -202.9897 -217.2402
48. -217.2402 -233.6282 -250.0162
49. -250.0162 -268.8624 -287.7087
50. -287.7087 -309.3818 -331.0549
51. -331.0549 -355.9791 -380.9032
52. -380.9032 -409.5659 -438.2287
53. -438.2287 -471.1908 -504.1530
54. -504.1530 -542.0594 -579.9659
55. -579.9659 -623.5584 -667.1508
56. -667.1508 -717.2821 -767.4134
57. -767.4134 -825.0644 -882.7154
58. -882.7154 -949.0141 -1015.3128
59. -1015.3128 -1091.5562 -1167.7997
60. -1167.7997 -1255.4796 -1343.1596
61. -1343.1596 -1443.9916 -1544.8236
62. -1544.8236 -1660.7803 -1776.7371
63. -1776.7371 -1910.0874 -2043.4377
64. -2043.4377 -2196.7905 -2350.1433
65. -2350.1433 -2526.4991 -2702.8548
66. -2702.8548 -2905.6639 -3108.4730
67. -3108.4730 -3341.7035 -3574.9340
68. -3574.9340 -3843.1490 -4111.3641
69. -4111.3641 -4419.8114 -4728.2587
70. -4728.2587 -5082.9731 -5437.6875
71. -5437.6875 -5845.6090 -6253.5306
72. -6253.5306 -6722.6404 -7191.7502
73. -7191.7502 -7731.2265 -8270.7027
74. -8270.7027 -8891.1004 -9511.4981
75. -9511.4981 -10224.9555 -10938.4128
76. -10938.4128 -11758.8888 -12579.3648
77. -12579.3648 -13522.9121 -14466.4595
78. -14466.4595 -15551.5390 -16636.6184
79. -16636.6184 -17884.4598 -19132.3012
80. -19132.3012 -20567.3188 -22002.3363
81. -22002.3363 -23652.6066 -25302.8768
82. -25302.8768 -27200.6876 -29098.4983
83. -29098.4983 -31280.9807 -33463.4631
84. -33463.4631 -35973.3178 -38483.1725
85. -38483.1725 -41369.5055 -44255.8384
86. -44255.8384 -47575.1213 -50894.4042
87. -50894.4042 -54711.5795 -58528.7548
88. -58528.7548 -62918.5064 -67308.2580
89. -67308.2580 -72356.4724 -77404.6867
90. -77404.6867 -83210.1332 -89015.5797
91. -89015.5797 -95691.8432 -102368.1067
92. -102368.1067 -110045.8097 -117723.5127
93. -117723.5127 -126552.8711 -135382.2296
94. -135382.2296 -145535.9918 -155689.7540
95. -155689.7540 -167366.5806 -179043.4071
96. -179043.4071 -192471.7577 -205900.1082
97. -205900.1082 -221342.7113 -236785.3144
98. -236785.3144 -254544.3080 -272303.3016
99. -272303.3016 -292726.1442 -313148.9869

0. -2.0000 -1.5000 -1.0000
1. -1.0000 -0.4250 0.1500
2. 0.1500 0.8112 1.4725
