5
8294407699654447952736359657266103026034109480894067780296277019975088428278251687270407880527581840
7565063502896396015522999503080230412941828904054523981809088387927090789387126800152059476361755929
122364222381026335355940786365276342971548782789001854400451548783823437172103641000330555227920856984439587835649665491966649706777260441564016629153415796293063333679855471465904907703966853214214267041423171686090839788186290182603231143127504878997928498679412131861741969910157665526359868912180
994871201856539259025561688573234099722202532388677917930607726206970706427633407569946055729257093026011457362799736081880463719271277085524656937843294556985735840208105135950844532281092779150603218515722150401913761903015099148998966333365605275081674718740132676954954823479151315147941187297753
09798571786596968240980286358226714882713360118202983481315830190765625794247625710807652337421576731453950518796618938622379706505982452084933015356562426749907497936382333840451993875773926890792654608595853480612720612055165393193353994123622826786242726702086805178302366326183792764591026948193367716890367203711191569509675052694618830249825115403445484266766684373140264969865626095380012483908958929922164817188601743799800275558357139716041758049050620502968117327424947303970004386908487753
94364961823594614215906968944640685131463671451606056247867262011279857954279217388778911497890597451942438572102645360068088745924781429452943198001603042934984706412906109107504971979122503627249699384346202068294334997557085748733544762309216395876713328882861185300153782909163589411822917681605829541678589574092089191036439026321767497439828541963233904873564755766337277530479413142895850138654674936930029779952661613695778473239407704219794381665572673547272893436510259586057987380784609222
9232196887063750096722513277586561859521915567056673679528868024207894020468112265455765982998586876458447967696136586888063515845364770951439531175337113790296057421874535235436173553351950921251830664645711711909529493191440798364214474260240853625891610358498013864763192058462379016357011001931736116287266382295798439144727756834710506279862143165232104902902473191374711163887535477746394522598632926513639872782830529319480718727131676552116827065960999913655712956895193500030909363486503437229072447374345687310151885122728720279912254401218270322584585672052964061116863525508171618100737632736052179566759266583528081612485492683581356769768523484916953037140994292428180731926109791100112
1473379294586459973499581500056688785207566711021482383578085927729970280550709994216980430950626436078057328339888798904404977001693479880591553447248427830419865110050272525955963649818371717312910111281261281197534280223596604005763102080252753089779008561365434184298355132878787884503840960160518619404031225024756017344380877251451316679964406632495813037650415016570201313428425594140650678364480921444696864362768497079854686741747647592112045760610520845547707480285236107475820099789168084466422927388872074539999060876397656151935630229738657089559002472063836411580205052324773492226755630262704217422028613045117940940319666958622478894726413899275074356013142826410855259694338914580396
223766817455399354501529663243324488163461022072148735291960107980482461191197831338404073851275793530353222308545058397925424650306886965750090942451821202767821773258792361165718768256768755558497705251624439508499100452565239297945081758842403986849180228328767469474915373111909390034494693741343176178426919001649721337544766387066648021311142801895231544589787530483412492702645275957942027613379979096172555069501532502005093473995781923583438986501199162570332402939473955165920016107864751770515004151541512782970956065284269331999119305960050031507195511825932654046528841503821195003400541040097954061882986865234309823084662290944514696636223500634797525002739911178575290704379958487027765504473368406372484020725986257818979038241468036934401422230121144839132682593828567878204838577068479802897818999060342255364653587801078580803522979361588928830893777144964368272396639489209074040
109073348677687701051599886345604459690504073843317608202996671100928868846433569670482534492081485564619099707651243085033164373394185013635319745226045137408546990362820505380136836400679225739408836396090582158103447190206814070059912620296647413857604637963472261156563656249486474771758775769198535238836571152787163870648188349152188074011362959216181757458352090161997175972616990947549402080400450418859104570029698122411635129374416256673255487130333271908597999619942832861496719459743506944187721026041976563834926687364876017496973254949302981283856002722429773369522032093446213917778579371481351838508349853912452550503790067328194576335178558477344321208433550983189732415084073759202251923350897952741881287778338547972077198063521543660866446228715132355136313910427784287533096628172239357051203021355053954838839823850795785838766055680435593459386056878593117309409069407652544945
